10
1040
1100
120
130
140
190
20
2010
230
240
250
260
270
280
290
30
3008
3010
3013
3015
3018
3020
3022
3030
3040
3050
3060
310
330
3320
340
3410
3420
3430
3440
3450
350
360
380
40
4010
4012
4020
4060
4062
4070
4080
410
4110
4114
4115
4120
4130
4141
4142
4144
4145
4146
4150
4210
4260
4270
4310
4320
4330
4340
4350
4360
4370
4380
450
4510
4512
4514
4520
4530
4540
4610
4612
4620
4621
4622
4623
4630
4640
4650
4660
4662
4664
4666
4670
4672
4720
4722
4730
4740
4742
4744
480
4810
4910
4912
4914
4916
4920
4930
4940
4960
4962
4964
4966
4970
4971
4972
4973
4974
4975
4976
4977
500
5010
5012
5014
5016
5020
51
510
5100
511
5110
512
5120
5130
5131
514
5140
5142
5143
5144
5145
5146
5150
5160
52
520
5200
5210
5211
5212
5213
5214
5215
5216
5217
5218
5219
5220
5221
5222
5223
53
531
5310
532
5320
5322
5323
533
5330
5332
534
5340
5410
5412
5414
5416
561
562
564
565
590
591
592
600
601
603
604
61
620
630
640
650
670
71
72
750
760
770
785
790
830
860
910
920
970
980
982
983
